(kicad_pcb (version 20171130) (host pcbnew "(5.0.2)-1")

  (general
    (thickness 1.6)
    (drawings 18)
    (tracks 221)
    (zones 0)
    (modules 42)
    (nets 25)
  )

  (page A4)
  (layers
    (0 F.Cu signal)
    (31 B.Cu signal)
    (32 B.Adhes user)
    (33 F.Adhes user)
    (34 B.Paste user)
    (35 F.Paste user)
    (36 B.SilkS user)
    (37 F.SilkS user)
    (38 B.Mask user)
    (39 F.Mask user)
    (40 Dwgs.User user)
    (41 Cmts.User user)
    (42 Eco1.User user)
    (43 Eco2.User user)
    (44 Edge.Cuts user)
    (45 Margin user)
    (46 B.CrtYd user)
    (47 F.CrtYd user)
    (48 B.Fab user)
    (49 F.Fab user)
  )

  (setup
    (last_trace_width 0.5)
    (user_trace_width 0.25)
    (user_trace_width 0.5)
    (user_trace_width 1)
    (trace_clearance 0.2)
    (zone_clearance 0.254)
    (zone_45_only no)
    (trace_min 0.2)
    (segment_width 0.2)
    (edge_width 0.15)
    (via_size 0.8)
    (via_drill 0.4)
    (via_min_size 0.4)
    (via_min_drill 0.3)
    (uvia_size 0.3)
    (uvia_drill 0.1)
    (uvias_allowed no)
    (uvia_min_size 0.2)
    (uvia_min_drill 0.1)
    (pcb_text_width 0.3)
    (pcb_text_size 1.5 1.5)
    (mod_edge_width 0.15)
    (mod_text_size 1 1)
    (mod_text_width 0.15)
    (pad_size 1.524 1.524)
    (pad_drill 0.762)
    (pad_to_mask_clearance 0.051)
    (solder_mask_min_width 0.25)
    (aux_axis_origin 0 0)
    (grid_origin 116.967 85.725)
    (visible_elements 7FFDF7FF)
    (pcbplotparams
      (layerselection 0x010fc_ffffffff)
      (usegerberextensions false)
      (usegerberattributes false)
      (usegerberadvancedattributes false)
      (creategerberjobfile false)
      (excludeedgelayer true)
      (linewidth 0.100000)
      (plotframeref false)
      (viasonmask false)
      (mode 1)
      (useauxorigin false)
      (hpglpennumber 1)
      (hpglpenspeed 20)
      (hpglpendiameter 15.000000)
      (psnegative false)
      (psa4output false)
      (plotreference true)
      (plotvalue true)
      (plotinvisibletext false)
      (padsonsilk false)
      (subtractmaskfromsilk false)
      (outputformat 1)
      (mirror false)
      (drillshape 1)
      (scaleselection 1)
      (outputdirectory ""))
  )

  (net 0 "")
  (net 1 "Net-(C1-Pad2)")
  (net 2 "Net-(C1-Pad1)")
  (net 3 +12V)
  (net 4 GNDA)
  (net 5 -12V)
  (net 6 "Net-(C4-Pad1)")
  (net 7 "Net-(C5-Pad1)")
  (net 8 "Net-(C5-Pad2)")
  (net 9 "Net-(C11-Pad1)")
  (net 10 "Net-(C11-Pad2)")
  (net 11 "Net-(C12-Pad2)")
  (net 12 "Net-(C12-Pad1)")
  (net 13 "Net-(C15-Pad1)")
  (net 14 "Net-(C16-Pad1)")
  (net 15 "Net-(C20-Pad1)")
  (net 16 "Net-(C20-Pad2)")
  (net 17 "Net-(C21-Pad2)")
  (net 18 "Net-(R2-Pad1)")
  (net 19 "Net-(R4-Pad2)")
  (net 20 "Net-(R5-Pad2)")
  (net 21 "Net-(R5-Pad1)")
  (net 22 "Net-(R13-Pad1)")
  (net 23 "Net-(R13-Pad2)")
  (net 24 "Net-(U1-Pad1)")

  (net_class Default "Ceci est la Netclass par défaut."
    (clearance 0.2)
    (trace_width 0.25)
    (via_dia 0.8)
    (via_drill 0.4)
    (uvia_dia 0.3)
    (uvia_drill 0.1)
    (add_net +12V)
    (add_net -12V)
    (add_net GNDA)
    (add_net "Net-(C1-Pad1)")
    (add_net "Net-(C1-Pad2)")
    (add_net "Net-(C11-Pad1)")
    (add_net "Net-(C11-Pad2)")
    (add_net "Net-(C12-Pad1)")
    (add_net "Net-(C12-Pad2)")
    (add_net "Net-(C15-Pad1)")
    (add_net "Net-(C16-Pad1)")
    (add_net "Net-(C20-Pad1)")
    (add_net "Net-(C20-Pad2)")
    (add_net "Net-(C21-Pad2)")
    (add_net "Net-(C4-Pad1)")
    (add_net "Net-(C5-Pad1)")
    (add_net "Net-(C5-Pad2)")
    (add_net "Net-(R13-Pad1)")
    (add_net "Net-(R13-Pad2)")
    (add_net "Net-(R2-Pad1)")
    (add_net "Net-(R4-Pad2)")
    (add_net "Net-(R5-Pad1)")
    (add_net "Net-(R5-Pad2)")
    (add_net "Net-(U1-Pad1)")
  )

  (module Capacitors_SMD:C_0805_HandSoldering (layer F.Cu) (tedit 58AA84A8) (tstamp 5CB436D1)
    (at 133.35 44.45 90)
    (descr "Capacitor SMD 0805, hand soldering")
    (tags "capacitor 0805")
    (path /5CB168D2)
    (attr smd)
    (fp_text reference C12 (at 0 -1.75 90) (layer F.SilkS)
      (effects (font (size 1 1) (thickness 0.15)))
    )
    (fp_text value TBD (at 0 1.75 90) (layer F.Fab)
      (effects (font (size 1 1) (thickness 0.15)))
    )
    (fp_line (start 2.25 0.87) (end -2.25 0.87) (layer F.CrtYd) (width 0.05))
    (fp_line (start 2.25 0.87) (end 2.25 -0.88) (layer F.CrtYd) (width 0.05))
    (fp_line (start -2.25 -0.88) (end -2.25 0.87) (layer F.CrtYd) (width 0.05))
    (fp_line (start -2.25 -0.88) (end 2.25 -0.88) (layer F.CrtYd) (width 0.05))
    (fp_line (start -0.5 0.85) (end 0.5 0.85) (layer F.SilkS) (width 0.12))
    (fp_line (start 0.5 -0.85) (end -0.5 -0.85) (layer F.SilkS) (width 0.12))
    (fp_line (start -1 -0.62) (end 1 -0.62) (layer F.Fab) (width 0.1))
    (fp_line (start 1 -0.62) (end 1 0.62) (layer F.Fab) (width 0.1))
    (fp_line (start 1 0.62) (end -1 0.62) (layer F.Fab) (width 0.1))
    (fp_line (start -1 0.62) (end -1 -0.62) (layer F.Fab) (width 0.1))
    (fp_text user %R (at 0 -1.75 90) (layer F.Fab)
      (effects (font (size 1 1) (thickness 0.15)))
    )
    (pad 2 smd rect (at 1.25 0 90) (size 1.5 1.25) (layers F.Cu F.Paste F.Mask)
      (net 11 "Net-(C12-Pad2)"))
    (pad 1 smd rect (at -1.25 0 90) (size 1.5 1.25) (layers F.Cu F.Paste F.Mask)
      (net 12 "Net-(C12-Pad1)"))
    (model Capacitors_SMD.3dshapes/C_0805.wrl
      (at (xyz 0 0 0))
      (scale (xyz 1 1 1))
      (rotate (xyz 0 0 0))
    )
  )

  (module Capacitors_SMD:C_0805_HandSoldering (layer F.Cu) (tedit 58AA84A8) (tstamp 5CB435E1)
    (at 134.493 34.29 180)
    (descr "Capacitor SMD 0805, hand soldering")
    (tags "capacitor 0805")
    (path /5CB1305A)
    (attr smd)
    (fp_text reference C8 (at 0 2 180) (layer F.SilkS)
      (effects (font (size 1 1) (thickness 0.15)))
    )
    (fp_text value 100nF (at 0 1.75 180) (layer F.Fab)
      (effects (font (size 1 1) (thickness 0.15)))
    )
    (fp_text user %R (at 0 2 180) (layer F.Fab)
      (effects (font (size 1 1) (thickness 0.15)))
    )
    (fp_line (start -1 0.62) (end -1 -0.62) (layer F.Fab) (width 0.1))
    (fp_line (start 1 0.62) (end -1 0.62) (layer F.Fab) (width 0.1))
    (fp_line (start 1 -0.62) (end 1 0.62) (layer F.Fab) (width 0.1))
    (fp_line (start -1 -0.62) (end 1 -0.62) (layer F.Fab) (width 0.1))
    (fp_line (start 0.5 -0.85) (end -0.5 -0.85) (layer F.SilkS) (width 0.12))
    (fp_line (start -0.5 0.85) (end 0.5 0.85) (layer F.SilkS) (width 0.12))
    (fp_line (start -2.25 -0.88) (end 2.25 -0.88) (layer F.CrtYd) (width 0.05))
    (fp_line (start -2.25 -0.88) (end -2.25 0.87) (layer F.CrtYd) (width 0.05))
    (fp_line (start 2.25 0.87) (end 2.25 -0.88) (layer F.CrtYd) (width 0.05))
    (fp_line (start 2.25 0.87) (end -2.25 0.87) (layer F.CrtYd) (width 0.05))
    (pad 1 smd rect (at -1.25 0 180) (size 1.5 1.25) (layers F.Cu F.Paste F.Mask)
      (net 3 +12V))
    (pad 2 smd rect (at 1.25 0 180) (size 1.5 1.25) (layers F.Cu F.Paste F.Mask)
      (net 4 GNDA))
    (model Capacitors_SMD.3dshapes/C_0805.wrl
      (at (xyz 0 0 0))
      (scale (xyz 1 1 1))
      (rotate (xyz 0 0 0))
    )
  )

  (module Resistors_SMD:R_1206_HandSoldering (layer F.Cu) (tedit 58E0A804) (tstamp 5CB4A5A8)
    (at 129.54 33.909 270)
    (descr "Resistor SMD 1206, hand soldering")
    (tags "resistor 1206")
    (path /5CD1AAA1)
    (attr smd)
    (fp_text reference R5 (at 0 -1.85 270) (layer F.SilkS)
      (effects (font (size 1 1) (thickness 0.15)))
    )
    (fp_text value 499R (at 0 1.9 270) (layer F.Fab)
      (effects (font (size 1 1) (thickness 0.15)))
    )
    (fp_line (start 3.25 1.1) (end -3.25 1.1) (layer F.CrtYd) (width 0.05))
    (fp_line (start 3.25 1.1) (end 3.25 -1.11) (layer F.CrtYd) (width 0.05))
    (fp_line (start -3.25 -1.11) (end -3.25 1.1) (layer F.CrtYd) (width 0.05))
    (fp_line (start -3.25 -1.11) (end 3.25 -1.11) (layer F.CrtYd) (width 0.05))
    (fp_line (start -1 -1.07) (end 1 -1.07) (layer F.SilkS) (width 0.12))
    (fp_line (start 1 1.07) (end -1 1.07) (layer F.SilkS) (width 0.12))
    (fp_line (start -1.6 -0.8) (end 1.6 -0.8) (layer F.Fab) (width 0.1))
    (fp_line (start 1.6 -0.8) (end 1.6 0.8) (layer F.Fab) (width 0.1))
    (fp_line (start 1.6 0.8) (end -1.6 0.8) (layer F.Fab) (width 0.1))
    (fp_line (start -1.6 0.8) (end -1.6 -0.8) (layer F.Fab) (width 0.1))
    (fp_text user %R (at 0 0 270) (layer F.Fab)
      (effects (font (size 0.7 0.7) (thickness 0.105)))
    )
    (pad 2 smd rect (at 2 0 270) (size 2 1.7) (layers F.Cu F.Paste F.Mask)
      (net 20 "Net-(R5-Pad2)"))
    (pad 1 smd rect (at -2 0 270) (size 2 1.7) (layers F.Cu F.Paste F.Mask)
      (net 21 "Net-(R5-Pad1)"))
    (model ${KISYS3DMOD}/Resistors_SMD.3dshapes/R_1206.wrl
      (at (xyz 0 0 0))
      (scale (xyz 1 1 1))
      (rotate (xyz 0 0 0))
    )
  )

  (module Potentiometers:Potentiometer_Trimmer_Bourns_3296W (layer F.Cu) (tedit 58826ECB) (tstamp 5CB43988)
    (at 113.03 29.591 90)
    (descr "Spindle Trimmer Potentiometer, Bourns 3296W, https://www.bourns.com/pdfs/3296.pdf")
    (tags "Spindle Trimmer Potentiometer   Bourns 3296W")
    (path /5CCE7A27)
    (fp_text reference RV1 (at -2.54 -3.66 90) (layer F.SilkS)
      (effects (font (size 1 1) (thickness 0.15)))
    )
    (fp_text value R_POT (at -2.54 3.67 90) (layer F.Fab)
      (effects (font (size 1 1) (thickness 0.15)))
    )
    (fp_line (start 2.5 -2.7) (end -7.6 -2.7) (layer F.CrtYd) (width 0.05))
    (fp_line (start 2.5 2.7) (end 2.5 -2.7) (layer F.CrtYd) (width 0.05))
    (fp_line (start -7.6 2.7) (end 2.5 2.7) (layer F.CrtYd) (width 0.05))
    (fp_line (start -7.6 -2.7) (end -7.6 2.7) (layer F.CrtYd) (width 0.05))
    (fp_line (start 1.691 0.275) (end 0.079 1.885) (layer F.SilkS) (width 0.12))
    (fp_line (start 1.831 0.416) (end 0.22 2.026) (layer F.SilkS) (width 0.12))
    (fp_line (start 2.285 -2.47) (end 2.285 2.481) (layer F.SilkS) (width 0.12))
    (fp_line (start -7.365 -2.47) (end -7.365 2.481) (layer F.SilkS) (width 0.12))
    (fp_line (start -7.365 2.481) (end 2.285 2.481) (layer F.SilkS) (width 0.12))
    (fp_line (start -7.365 -2.47) (end 2.285 -2.47) (layer F.SilkS) (width 0.12))
    (fp_line (start 1.652 0.32) (end 0.125 1.847) (layer F.Fab) (width 0.1))
    (fp_line (start 1.786 0.454) (end 0.259 1.981) (layer F.Fab) (width 0.1))
    (fp_line (start 2.225 -2.41) (end -7.305 -2.41) (layer F.Fab) (width 0.1))
    (fp_line (start 2.225 2.42) (end 2.225 -2.41) (layer F.Fab) (width 0.1))
    (fp_line (start -7.305 2.42) (end 2.225 2.42) (layer F.Fab) (width 0.1))
    (fp_line (start -7.305 -2.41) (end -7.305 2.42) (layer F.Fab) (width 0.1))
    (fp_circle (center 0.955 1.15) (end 2.05 1.15) (layer F.Fab) (width 0.1))
    (fp_arc (start 0.955 1.15) (end -0.174 0.91) (angle -103) (layer F.SilkS) (width 0.12))
    (fp_arc (start 0.955 1.15) (end 0.955 2.305) (angle -182) (layer F.SilkS) (width 0.12))
    (pad 3 thru_hole circle (at -5.08 0 90) (size 1.44 1.44) (drill 0.8) (layers *.Cu *.Mask)
      (net 5 -12V))
    (pad 2 thru_hole circle (at -2.54 0 90) (size 1.44 1.44) (drill 0.8) (layers *.Cu *.Mask)
      (net 21 "Net-(R5-Pad1)"))
    (pad 1 thru_hole circle (at 0 0 90) (size 1.44 1.44) (drill 0.8) (layers *.Cu *.Mask)
      (net 3 +12V))
    (model Potentiometers.3dshapes/Potentiometer_Trimmer_Bourns_3296W.wrl
      (at (xyz 0 0 0))
      (scale (xyz 1 1 1))
      (rotate (xyz 0 0 -90))
    )
  )

  (module Capacitors_SMD:C_0805_HandSoldering (layer F.Cu) (tedit 58AA84A8) (tstamp 5CB3B663)
    (at 113.03 49.53 90)
    (descr "Capacitor SMD 0805, hand soldering")
    (tags "capacitor 0805")
    (path /5CBF0052)
    (attr smd)
    (fp_text reference C1 (at 0 -1.75 90) (layer F.SilkS)
      (effects (font (size 1 1) (thickness 0.15)))
    )
    (fp_text value 100nF (at 0 1.75 90) (layer F.Fab)
      (effects (font (size 1 1) (thickness 0.15)))
    )
    (fp_line (start 2.25 0.87) (end -2.25 0.87) (layer F.CrtYd) (width 0.05))
    (fp_line (start 2.25 0.87) (end 2.25 -0.88) (layer F.CrtYd) (width 0.05))
    (fp_line (start -2.25 -0.88) (end -2.25 0.87) (layer F.CrtYd) (width 0.05))
    (fp_line (start -2.25 -0.88) (end 2.25 -0.88) (layer F.CrtYd) (width 0.05))
    (fp_line (start -0.5 0.85) (end 0.5 0.85) (layer F.SilkS) (width 0.12))
    (fp_line (start 0.5 -0.85) (end -0.5 -0.85) (layer F.SilkS) (width 0.12))
    (fp_line (start -1 -0.62) (end 1 -0.62) (layer F.Fab) (width 0.1))
    (fp_line (start 1 -0.62) (end 1 0.62) (layer F.Fab) (width 0.1))
    (fp_line (start 1 0.62) (end -1 0.62) (layer F.Fab) (width 0.1))
    (fp_line (start -1 0.62) (end -1 -0.62) (layer F.Fab) (width 0.1))
    (fp_text user %R (at 0 -1.75 90) (layer F.Fab)
      (effects (font (size 1 1) (thickness 0.15)))
    )
    (pad 2 smd rect (at 1.25 0 90) (size 1.5 1.25) (layers F.Cu F.Paste F.Mask)
      (net 1 "Net-(C1-Pad2)"))
    (pad 1 smd rect (at -1.25 0 90) (size 1.5 1.25) (layers F.Cu F.Paste F.Mask)
      (net 2 "Net-(C1-Pad1)"))
    (model Capacitors_SMD.3dshapes/C_0805.wrl
      (at (xyz 0 0 0))
      (scale (xyz 1 1 1))
      (rotate (xyz 0 0 0))
    )
  )

  (module Capacitors_SMD:C_0805_HandSoldering (layer F.Cu) (tedit 58AA84A8) (tstamp 5CB434BE)
    (at 122.555 65.405 90)
    (descr "Capacitor SMD 0805, hand soldering")
    (tags "capacitor 0805")
    (path /5CB47629)
    (attr smd)
    (fp_text reference C2 (at 0 1.905 90) (layer F.SilkS)
      (effects (font (size 1 1) (thickness 0.15)))
    )
    (fp_text value 100nF (at 0 1.75 90) (layer F.Fab)
      (effects (font (size 1 1) (thickness 0.15)))
    )
    (fp_text user %R (at 0 1.905 90) (layer F.Fab)
      (effects (font (size 1 1) (thickness 0.15)))
    )
    (fp_line (start -1 0.62) (end -1 -0.62) (layer F.Fab) (width 0.1))
    (fp_line (start 1 0.62) (end -1 0.62) (layer F.Fab) (width 0.1))
    (fp_line (start 1 -0.62) (end 1 0.62) (layer F.Fab) (width 0.1))
    (fp_line (start -1 -0.62) (end 1 -0.62) (layer F.Fab) (width 0.1))
    (fp_line (start 0.5 -0.85) (end -0.5 -0.85) (layer F.SilkS) (width 0.12))
    (fp_line (start -0.5 0.85) (end 0.5 0.85) (layer F.SilkS) (width 0.12))
    (fp_line (start -2.25 -0.88) (end 2.25 -0.88) (layer F.CrtYd) (width 0.05))
    (fp_line (start -2.25 -0.88) (end -2.25 0.87) (layer F.CrtYd) (width 0.05))
    (fp_line (start 2.25 0.87) (end 2.25 -0.88) (layer F.CrtYd) (width 0.05))
    (fp_line (start 2.25 0.87) (end -2.25 0.87) (layer F.CrtYd) (width 0.05))
    (pad 1 smd rect (at -1.25 0 90) (size 1.5 1.25) (layers F.Cu F.Paste F.Mask)
      (net 3 +12V))
    (pad 2 smd rect (at 1.25 0 90) (size 1.5 1.25) (layers F.Cu F.Paste F.Mask)
      (net 4 GNDA))
    (model Capacitors_SMD.3dshapes/C_0805.wrl
      (at (xyz 0 0 0))
      (scale (xyz 1 1 1))
      (rotate (xyz 0 0 0))
    )
  )

  (module Capacitors_SMD:C_0805_HandSoldering (layer F.Cu) (tedit 58AA84A8) (tstamp 5CB434CF)
    (at 113.665 62.865 90)
    (descr "Capacitor SMD 0805, hand soldering")
    (tags "capacitor 0805")
    (path /5CB4E3CB)
    (attr smd)
    (fp_text reference C3 (at 0 -1.75 90) (layer F.SilkS)
      (effects (font (size 1 1) (thickness 0.15)))
    )
    (fp_text value 100nF (at 0 1.75 90) (layer F.Fab)
      (effects (font (size 1 1) (thickness 0.15)))
    )
    (fp_line (start 2.25 0.87) (end -2.25 0.87) (layer F.CrtYd) (width 0.05))
    (fp_line (start 2.25 0.87) (end 2.25 -0.88) (layer F.CrtYd) (width 0.05))
    (fp_line (start -2.25 -0.88) (end -2.25 0.87) (layer F.CrtYd) (width 0.05))
    (fp_line (start -2.25 -0.88) (end 2.25 -0.88) (layer F.CrtYd) (width 0.05))
    (fp_line (start -0.5 0.85) (end 0.5 0.85) (layer F.SilkS) (width 0.12))
    (fp_line (start 0.5 -0.85) (end -0.5 -0.85) (layer F.SilkS) (width 0.12))
    (fp_line (start -1 -0.62) (end 1 -0.62) (layer F.Fab) (width 0.1))
    (fp_line (start 1 -0.62) (end 1 0.62) (layer F.Fab) (width 0.1))
    (fp_line (start 1 0.62) (end -1 0.62) (layer F.Fab) (width 0.1))
    (fp_line (start -1 0.62) (end -1 -0.62) (layer F.Fab) (width 0.1))
    (fp_text user %R (at 0 -1.75 90) (layer F.Fab)
      (effects (font (size 1 1) (thickness 0.15)))
    )
    (pad 2 smd rect (at 1.25 0 90) (size 1.5 1.25) (layers F.Cu F.Paste F.Mask)
      (net 5 -12V))
    (pad 1 smd rect (at -1.25 0 90) (size 1.5 1.25) (layers F.Cu F.Paste F.Mask)
      (net 4 GNDA))
    (model Capacitors_SMD.3dshapes/C_0805.wrl
      (at (xyz 0 0 0))
      (scale (xyz 1 1 1))
      (rotate (xyz 0 0 0))
    )
  )

  (module Capacitors_SMD:C_1206_HandSoldering (layer F.Cu) (tedit 58AA84D1) (tstamp 5CB434E0)
    (at 119.38 43.815)
    (descr "Capacitor SMD 1206, hand soldering")
    (tags "capacitor 1206")
    (path /5CC0AE05)
    (attr smd)
    (fp_text reference C4 (at 0 -1.75) (layer F.SilkS)
      (effects (font (size 1 1) (thickness 0.15)))
    )
    (fp_text value "10uF 25V" (at 0 2) (layer F.Fab)
      (effects (font (size 1 1) (thickness 0.15)))
    )
    (fp_line (start 3.25 1.05) (end -3.25 1.05) (layer F.CrtYd) (width 0.05))
    (fp_line (start 3.25 1.05) (end 3.25 -1.05) (layer F.CrtYd) (width 0.05))
    (fp_line (start -3.25 -1.05) (end -3.25 1.05) (layer F.CrtYd) (width 0.05))
    (fp_line (start -3.25 -1.05) (end 3.25 -1.05) (layer F.CrtYd) (width 0.05))
    (fp_line (start -1 1.02) (end 1 1.02) (layer F.SilkS) (width 0.12))
    (fp_line (start 1 -1.02) (end -1 -1.02) (layer F.SilkS) (width 0.12))
    (fp_line (start -1.6 -0.8) (end 1.6 -0.8) (layer F.Fab) (width 0.1))
    (fp_line (start 1.6 -0.8) (end 1.6 0.8) (layer F.Fab) (width 0.1))
    (fp_line (start 1.6 0.8) (end -1.6 0.8) (layer F.Fab) (width 0.1))
    (fp_line (start -1.6 0.8) (end -1.6 -0.8) (layer F.Fab) (width 0.1))
    (fp_text user %R (at 0 -1.75) (layer F.Fab)
      (effects (font (size 1 1) (thickness 0.15)))
    )
    (pad 2 smd rect (at 2 0) (size 2 1.6) (layers F.Cu F.Paste F.Mask)
      (net 4 GNDA))
    (pad 1 smd rect (at -2 0) (size 2 1.6) (layers F.Cu F.Paste F.Mask)
      (net 6 "Net-(C4-Pad1)"))
    (model Capacitors_SMD.3dshapes/C_1206.wrl
      (at (xyz 0 0 0))
      (scale (xyz 1 1 1))
      (rotate (xyz 0 0 0))
    )
  )

  (module Capacitors_SMD:C_0805_HandSoldering (layer F.Cu) (tedit 58AA84A8) (tstamp 5CB434F1)
    (at 121.92 40.005 180)
    (descr "Capacitor SMD 0805, hand soldering")
    (tags "capacitor 0805")
    (path /5CBAE5E9)
    (attr smd)
    (fp_text reference C5 (at 3.81 0 180) (layer F.SilkS)
      (effects (font (size 1 1) (thickness 0.15)))
    )
    (fp_text value 470nF (at 0 1.75 180) (layer F.Fab)
      (effects (font (size 1 1) (thickness 0.15)))
    )
    (fp_text user %R (at 3.81 0 180) (layer F.Fab)
      (effects (font (size 1 1) (thickness 0.15)))
    )
    (fp_line (start -1 0.62) (end -1 -0.62) (layer F.Fab) (width 0.1))
    (fp_line (start 1 0.62) (end -1 0.62) (layer F.Fab) (width 0.1))
    (fp_line (start 1 -0.62) (end 1 0.62) (layer F.Fab) (width 0.1))
    (fp_line (start -1 -0.62) (end 1 -0.62) (layer F.Fab) (width 0.1))
    (fp_line (start 0.5 -0.85) (end -0.5 -0.85) (layer F.SilkS) (width 0.12))
    (fp_line (start -0.5 0.85) (end 0.5 0.85) (layer F.SilkS) (width 0.12))
    (fp_line (start -2.25 -0.88) (end 2.25 -0.88) (layer F.CrtYd) (width 0.05))
    (fp_line (start -2.25 -0.88) (end -2.25 0.87) (layer F.CrtYd) (width 0.05))
    (fp_line (start 2.25 0.87) (end 2.25 -0.88) (layer F.CrtYd) (width 0.05))
    (fp_line (start 2.25 0.87) (end -2.25 0.87) (layer F.CrtYd) (width 0.05))
    (pad 1 smd rect (at -1.25 0 180) (size 1.5 1.25) (layers F.Cu F.Paste F.Mask)
      (net 7 "Net-(C5-Pad1)"))
    (pad 2 smd rect (at 1.25 0 180) (size 1.5 1.25) (layers F.Cu F.Paste F.Mask)
      (net 8 "Net-(C5-Pad2)"))
    (model Capacitors_SMD.3dshapes/C_0805.wrl
      (at (xyz 0 0 0))
      (scale (xyz 1 1 1))
      (rotate (xyz 0 0 0))
    )
  )

  (module Capacitors_SMD:C_0805_HandSoldering (layer F.Cu) (tedit 58AA84A8) (tstamp 5CB43502)
    (at 121.92 37.465 180)
    (descr "Capacitor SMD 0805, hand soldering")
    (tags "capacitor 0805")
    (path /5CBB3B67)
    (attr smd)
    (fp_text reference C6 (at 3.81 0 180) (layer F.SilkS)
      (effects (font (size 1 1) (thickness 0.15)))
    )
    (fp_text value 470nF (at 0 1.75 180) (layer F.Fab)
      (effects (font (size 1 1) (thickness 0.15)))
    )
    (fp_line (start 2.25 0.87) (end -2.25 0.87) (layer F.CrtYd) (width 0.05))
    (fp_line (start 2.25 0.87) (end 2.25 -0.88) (layer F.CrtYd) (width 0.05))
    (fp_line (start -2.25 -0.88) (end -2.25 0.87) (layer F.CrtYd) (width 0.05))
    (fp_line (start -2.25 -0.88) (end 2.25 -0.88) (layer F.CrtYd) (width 0.05))
    (fp_line (start -0.5 0.85) (end 0.5 0.85) (layer F.SilkS) (width 0.12))
    (fp_line (start 0.5 -0.85) (end -0.5 -0.85) (layer F.SilkS) (width 0.12))
    (fp_line (start -1 -0.62) (end 1 -0.62) (layer F.Fab) (width 0.1))
    (fp_line (start 1 -0.62) (end 1 0.62) (layer F.Fab) (width 0.1))
    (fp_line (start 1 0.62) (end -1 0.62) (layer F.Fab) (width 0.1))
    (fp_line (start -1 0.62) (end -1 -0.62) (layer F.Fab) (width 0.1))
    (fp_text user %R (at 3.81 0 180) (layer F.Fab)
      (effects (font (size 1 1) (thickness 0.15)))
    )
    (pad 2 smd rect (at 1.25 0 180) (size 1.5 1.25) (layers F.Cu F.Paste F.Mask)
      (net 8 "Net-(C5-Pad2)"))
    (pad 1 smd rect (at -1.25 0 180) (size 1.5 1.25) (layers F.Cu F.Paste F.Mask)
      (net 7 "Net-(C5-Pad1)"))
    (model Capacitors_SMD.3dshapes/C_0805.wrl
      (at (xyz 0 0 0))
      (scale (xyz 1 1 1))
      (rotate (xyz 0 0 0))
    )
  )

  (module Capacitors_THT:CP_Radial_D10.0mm_P5.00mm (layer F.Cu) (tedit 597BC7C2) (tstamp 5CB435D0)
    (at 99.06 74.295 90)
    (descr "CP, Radial series, Radial, pin pitch=5.00mm, , diameter=10mm, Electrolytic Capacitor")
    (tags "CP Radial series Radial pin pitch 5.00mm  diameter 10mm Electrolytic Capacitor")
    (path /5CB11DAF)
    (fp_text reference C7 (at 2.5 -6.31 90) (layer F.SilkS)
      (effects (font (size 1 1) (thickness 0.15)))
    )
    (fp_text value "100uF 25V" (at 2.5 6.31 90) (layer F.Fab)
      (effects (font (size 1 1) (thickness 0.15)))
    )
    (fp_text user %R (at 2.5 0 90) (layer F.Fab)
      (effects (font (size 1 1) (thickness 0.15)))
    )
    (fp_line (start 7.85 -5.35) (end -2.85 -5.35) (layer F.CrtYd) (width 0.05))
    (fp_line (start 7.85 5.35) (end 7.85 -5.35) (layer F.CrtYd) (width 0.05))
    (fp_line (start -2.85 5.35) (end 7.85 5.35) (layer F.CrtYd) (width 0.05))
    (fp_line (start -2.85 -5.35) (end -2.85 5.35) (layer F.CrtYd) (width 0.05))
    (fp_line (start -1.95 -0.75) (end -1.95 0.75) (layer F.SilkS) (width 0.12))
    (fp_line (start -2.7 0) (end -1.2 0) (layer F.SilkS) (width 0.12))
    (fp_line (start 7.581 -0.279) (end 7.581 0.279) (layer F.SilkS) (width 0.12))
    (fp_line (start 7.541 -0.672) (end 7.541 0.672) (layer F.SilkS) (width 0.12))
    (fp_line (start 7.501 -0.913) (end 7.501 0.913) (layer F.SilkS) (width 0.12))
    (fp_line (start 7.461 -1.104) (end 7.461 1.104) (layer F.SilkS) (width 0.12))
    (fp_line (start 7.421 -1.265) (end 7.421 1.265) (layer F.SilkS) (width 0.12))
    (fp_line (start 7.381 -1.407) (end 7.381 1.407) (layer F.SilkS) (width 0.12))
    (fp_line (start 7.341 -1.536) (end 7.341 1.536) (layer F.SilkS) (width 0.12))
    (fp_line (start 7.301 -1.654) (end 7.301 1.654) (layer F.SilkS) (width 0.12))
    (fp_line (start 7.261 -1.763) (end 7.261 1.763) (layer F.SilkS) (width 0.12))
    (fp_line (start 7.221 -1.866) (end 7.221 1.866) (layer F.SilkS) (width 0.12))
    (fp_line (start 7.181 -1.962) (end 7.181 1.962) (layer F.SilkS) (width 0.12))
    (fp_line (start 7.141 -2.053) (end 7.141 2.053) (layer F.SilkS) (width 0.12))
    (fp_line (start 7.101 -2.14) (end 7.101 2.14) (layer F.SilkS) (width 0.12))
    (fp_line (start 7.061 -2.222) (end 7.061 2.222) (layer F.SilkS) (width 0.12))
    (fp_line (start 7.021 -2.301) (end 7.021 2.301) (layer F.SilkS) (width 0.12))
    (fp_line (start 6.981 -2.377) (end 6.981 2.377) (layer F.SilkS) (width 0.12))
    (fp_line (start 6.941 -2.449) (end 6.941 2.449) (layer F.SilkS) (width 0.12))
    (fp_line (start 6.901 -2.519) (end 6.901 2.519) (layer F.SilkS) (width 0.12))
    (fp_line (start 6.861 -2.587) (end 6.861 2.587) (layer F.SilkS) (width 0.12))
    (fp_line (start 6.821 -2.652) (end 6.821 2.652) (layer F.SilkS) (width 0.12))
    (fp_line (start 6.781 -2.715) (end 6.781 2.715) (layer F.SilkS) (width 0.12))
    (fp_line (start 6.741 -2.777) (end 6.741 2.777) (layer F.SilkS) (width 0.12))
    (fp_line (start 6.701 -2.836) (end 6.701 2.836) (layer F.SilkS) (width 0.12))
    (fp_line (start 6.661 -2.894) (end 6.661 2.894) (layer F.SilkS) (width 0.12))
    (fp_line (start 6.621 -2.949) (end 6.621 2.949) (layer F.SilkS) (width 0.12))
    (fp_line (start 6.581 -3.004) (end 6.581 3.004) (layer F.SilkS) (width 0.12))
    (fp_line (start 6.541 -3.057) (end 6.541 3.057) (layer F.SilkS) (width 0.12))
    (fp_line (start 6.501 -3.108) (end 6.501 3.108) (layer F.SilkS) (width 0.12))
    (fp_line (start 6.461 -3.158) (end 6.461 3.158) (layer F.SilkS) (width 0.12))
    (fp_line (start 6.421 -3.207) (end 6.421 3.207) (layer F.SilkS) (width 0.12))
    (fp_line (start 6.381 -3.255) (end 6.381 3.255) (layer F.SilkS) (width 0.12))
    (fp_line (start 6.341 -3.302) (end 6.341 3.302) (layer F.SilkS) (width 0.12))
    (fp_line (start 6.301 -3.347) (end 6.301 3.347) (layer F.SilkS) (width 0.12))
    (fp_line (start 6.261 -3.391) (end 6.261 3.391) (layer F.SilkS) (width 0.12))
    (fp_line (start 6.221 -3.435) (end 6.221 3.435) (layer F.SilkS) (width 0.12))
    (fp_line (start 6.181 -3.477) (end 6.181 3.477) (layer F.SilkS) (width 0.12))
    (fp_line (start 6.141 1.181) (end 6.141 3.518) (layer F.SilkS) (width 0.12))
    (fp_line (start 6.141 -3.518) (end 6.141 -1.181) (layer F.SilkS) (width 0.12))
    (fp_line (start 6.101 1.181) (end 6.101 3.559) (layer F.SilkS) (width 0.12))
    (fp_line (start 6.101 -3.559) (end 6.101 -1.181) (layer F.SilkS) (width 0.12))
    (fp_line (start 6.061 1.181) (end 6.061 3.598) (layer F.SilkS) (width 0.12))
    (fp_line (start 6.061 -3.598) (end 6.061 -1.181) (layer F.SilkS) (width 0.12))
    (fp_line (start 6.021 1.181) (end 6.021 3.637) (layer F.SilkS) (width 0.12))
    (fp_line (start 6.021 -3.637) (end 6.021 -1.181) (layer F.SilkS) (width 0.12))
    (fp_line (start 5.981 1.181) (end 5.981 3.675) (layer F.SilkS) (width 0.12))
    (fp_line (start 5.981 -3.675) (end 5.981 -1.181) (layer F.SilkS) (width 0.12))
    (fp_line (start 5.941 1.181) (end 5.941 3.712) (layer F.SilkS) (width 0.12))
    (fp_line (start 5.941 -3.712) (end 5.941 -1.181) (layer F.SilkS) (width 0.12))
    (fp_line (start 5.901 1.181) (end 5.901 3.748) (layer F.SilkS) (width 0.12))
    (fp_line (start 5.901 -3.748) (end 5.901 -1.181) (layer F.SilkS) (width 0.12))
    (fp_line (start 5.861 1.181) (end 5.861 3.784) (layer F.SilkS) (width 0.12))
    (fp_line (start 5.861 -3.784) (end 5.861 -1.181) (layer F.SilkS) (width 0.12))
    (fp_line (start 5.821 1.181) (end 5.821 3.819) (layer F.SilkS) (width 0.12))
    (fp_line (start 5.821 -3.819) (end 5.821 -1.181) (layer F.SilkS) (width 0.12))
    (fp_line (start 5.781 1.181) (end 5.781 3.853) (layer F.SilkS) (width 0.12))
    (fp_line (start 5.781 -3.853) (end 5.781 -1.181) (layer F.SilkS) (width 0.12))
    (fp_line (start 5.741 1.181) (end 5.741 3.886) (layer F.SilkS) (width 0.12))
    (fp_line (start 5.741 -3.886) (end 5.741 -1.181) (layer F.SilkS) (width 0.12))
    (fp_line (start 5.701 1.181) (end 5.701 3.919) (layer F.SilkS) (width 0.12))
    (fp_line (start 5.701 -3.919) (end 5.701 -1.181) (layer F.SilkS) (width 0.12))
    (fp_line (start 5.661 1.181) (end 5.661 3.951) (layer F.SilkS) (width 0.12))
    (fp_line (start 5.661 -3.951) (end 5.661 -1.181) (layer F.SilkS) (width 0.12))
    (fp_line (start 5.621 1.181) (end 5.621 3.982) (layer F.SilkS) (width 0.12))
    (fp_line (start 5.621 -3.982) (end 5.621 -1.181) (layer F.SilkS) (width 0.12))
    (fp_line (start 5.581 1.181) (end 5.581 4.013) (layer F.SilkS) (width 0.12))
    (fp_line (start 5.581 -4.013) (end 5.581 -1.181) (layer F.SilkS) (width 0.12))
    (fp_line (start 5.541 1.181) (end 5.541 4.043) (layer F.SilkS) (width 0.12))
    (fp_line (start 5.541 -4.043) (end 5.541 -1.181) (layer F.SilkS) (width 0.12))
    (fp_line (start 5.501 1.181) (end 5.501 4.072) (layer F.SilkS) (width 0.12))
    (fp_line (start 5.501 -4.072) (end 5.501 -1.181) (layer F.SilkS) (width 0.12))
    (fp_line (start 5.461 1.181) (end 5.461 4.101) (layer F.SilkS) (width 0.12))
    (fp_line (start 5.461 -4.101) (end 5.461 -1.181) (layer F.SilkS) (width 0.12))
    (fp_line (start 5.421 1.181) (end 5.421 4.13) (layer F.SilkS) (width 0.12))
    (fp_line (start 5.421 -4.13) (end 5.421 -1.181) (layer F.SilkS) (width 0.12))
    (fp_line (start 5.381 1.181) (end 5.381 4.157) (layer F.SilkS) (width 0.12))
    (fp_line (start 5.381 -4.157) (end 5.381 -1.181) (layer F.SilkS) (width 0.12))
    (fp_line (start 5.341 1.181) (end 5.341 4.185) (layer F.SilkS) (width 0.12))
    (fp_line (start 5.341 -4.185) (end 5.341 -1.181) (layer F.SilkS) (width 0.12))
    (fp_line (start 5.301 1.181) (end 5.301 4.211) (layer F.SilkS) (width 0.12))
    (fp_line (start 5.301 -4.211) (end 5.301 -1.181) (layer F.SilkS) (width 0.12))
    (fp_line (start 5.261 1.181) (end 5.261 4.237) (layer F.SilkS) (width 0.12))
    (fp_line (start 5.261 -4.237) (end 5.261 -1.181) (layer F.SilkS) (width 0.12))
    (fp_line (start 5.221 1.181) (end 5.221 4.263) (layer F.SilkS) (width 0.12))
    (fp_line (start 5.221 -4.263) (end 5.221 -1.181) (layer F.SilkS) (width 0.12))
    (fp_line (start 5.181 1.181) (end 5.181 4.288) (layer F.SilkS) (width 0.12))
    (fp_line (start 5.181 -4.288) (end 5.181 -1.181) (layer F.SilkS) (width 0.12))
    (fp_line (start 5.141 1.181) (end 5.141 4.312) (layer F.SilkS) (width 0.12))
    (fp_line (start 5.141 -4.312) (end 5.141 -1.181) (layer F.SilkS) (width 0.12))
    (fp_line (start 5.101 1.181) (end 5.101 4.336) (layer F.SilkS) (width 0.12))
    (fp_line (start 5.101 -4.336) (end 5.101 -1.181) (layer F.SilkS) (width 0.12))
    (fp_line (start 5.061 1.181) (end 5.061 4.36) (layer F.SilkS) (width 0.12))
    (fp_line (start 5.061 -4.36) (end 5.061 -1.181) (layer F.SilkS) (width 0.12))
    (fp_line (start 5.021 1.181) (end 5.021 4.383) (layer F.SilkS) (width 0.12))
    (fp_line (start 5.021 -4.383) (end 5.021 -1.181) (layer F.SilkS) (width 0.12))
    (fp_line (start 4.981 1.181) (end 4.981 4.405) (layer F.SilkS) (width 0.12))
    (fp_line (start 4.981 -4.405) (end 4.981 -1.181) (layer F.SilkS) (width 0.12))
    (fp_line (start 4.941 1.181) (end 4.941 4.428) (layer F.SilkS) (width 0.12))
    (fp_line (start 4.941 -4.428) (end 4.941 -1.181) (layer F.SilkS) (width 0.12))
    (fp_line (start 4.901 1.181) (end 4.901 4.449) (layer F.SilkS) (width 0.12))
    (fp_line (start 4.901 -4.449) (end 4.901 -1.181) (layer F.SilkS) (width 0.12))
    (fp_line (start 4.861 1.181) (end 4.861 4.47) (layer F.SilkS) (width 0.12))
    (fp_line (start 4.861 -4.47) (end 4.861 -1.181) (layer F.SilkS) (width 0.12))
    (fp_line (start 4.821 1.181) (end 4.821 4.491) (layer F.SilkS) (width 0.12))
    (fp_line (start 4.821 -4.491) (end 4.821 -1.181) (layer F.SilkS) (width 0.12))
    (fp_line (start 4.781 1.181) (end 4.781 4.511) (layer F.SilkS) (width 0.12))
    (fp_line (start 4.781 -4.511) (end 4.781 -1.181) (layer F.SilkS) (width 0.12))
    (fp_line (start 4.741 1.181) (end 4.741 4.531) (layer F.SilkS) (width 0.12))
    (fp_line (start 4.741 -4.531) (end 4.741 -1.181) (layer F.SilkS) (width 0.12))
    (fp_line (start 4.701 1.181) (end 4.701 4.55) (layer F.SilkS) (width 0.12))
    (fp_line (start 4.701 -4.55) (end 4.701 -1.181) (layer F.SilkS) (width 0.12))
    (fp_line (start 4.661 1.181) (end 4.661 4.569) (layer F.SilkS) (width 0.12))
    (fp_line (start 4.661 -4.569) (end 4.661 -1.181) (layer F.SilkS) (width 0.12))
    (fp_line (start 4.621 1.181) (end 4.621 4.588) (layer F.SilkS) (width 0.12))
    (fp_line (start 4.621 -4.588) (end 4.621 -1.181) (layer F.SilkS) (width 0.12))
    (fp_line (start 4.581 1.181) (end 4.581 4.606) (layer F.SilkS) (width 0.12))
    (fp_line (start 4.581 -4.606) (end 4.581 -1.181) (layer F.SilkS) (width 0.12))
    (fp_line (start 4.541 1.181) (end 4.541 4.624) (layer F.SilkS) (width 0.12))
    (fp_line (start 4.541 -4.624) (end 4.541 -1.181) (layer F.SilkS) (width 0.12))
    (fp_line (start 4.501 1.181) (end 4.501 4.641) (layer F.SilkS) (width 0.12))
    (fp_line (start 4.501 -4.641) (end 4.501 -1.181) (layer F.SilkS) (width 0.12))
    (fp_line (start 4.461 1.181) (end 4.461 4.658) (layer F.SilkS) (width 0.12))
    (fp_line (start 4.461 -4.658) (end 4.461 -1.181) (layer F.SilkS) (width 0.12))
    (fp_line (start 4.421 1.181) (end 4.421 4.674) (layer F.SilkS) (width 0.12))
    (fp_line (start 4.421 -4.674) (end 4.421 -1.181) (layer F.SilkS) (width 0.12))
    (fp_line (start 4.381 1.181) (end 4.381 4.691) (layer F.SilkS) (width 0.12))
    (fp_line (start 4.381 -4.691) (end 4.381 -1.181) (layer F.SilkS) (width 0.12))
    (fp_line (start 4.341 1.181) (end 4.341 4.706) (layer F.SilkS) (width 0.12))
    (fp_line (start 4.341 -4.706) (end 4.341 -1.181) (layer F.SilkS) (width 0.12))
    (fp_line (start 4.301 1.181) (end 4.301 4.722) (layer F.SilkS) (width 0.12))
    (fp_line (start 4.301 -4.722) (end 4.301 -1.181) (layer F.SilkS) (width 0.12))
    (fp_line (start 4.261 1.181) (end 4.261 4.737) (layer F.SilkS) (width 0.12))
    (fp_line (start 4.261 -4.737) (end 4.261 -1.181) (layer F.SilkS) (width 0.12))
    (fp_line (start 4.221 1.181) (end 4.221 4.751) (layer F.SilkS) (width 0.12))
    (fp_line (start 4.221 -4.751) (end 4.221 -1.181) (layer F.SilkS) (width 0.12))
    (fp_line (start 4.181 1.181) (end 4.181 4.765) (layer F.SilkS) (width 0.12))
    (fp_line (start 4.181 -4.765) (end 4.181 -1.181) (layer F.SilkS) (width 0.12))
    (fp_line (start 4.141 1.181) (end 4.141 4.779) (layer F.SilkS) (width 0.12))
    (fp_line (start 4.141 -4.779) (end 4.141 -1.181) (layer F.SilkS) (width 0.12))
    (fp_line (start 4.101 1.181) (end 4.101 4.792) (layer F.SilkS) (width 0.12))
    (fp_line (start 4.101 -4.792) (end 4.101 -1.181) (layer F.SilkS) (width 0.12))
    (fp_line (start 4.061 1.181) (end 4.061 4.806) (layer F.SilkS) (width 0.12))
    (fp_line (start 4.061 -4.806) (end 4.061 -1.181) (layer F.SilkS) (width 0.12))
    (fp_line (start 4.021 1.181) (end 4.021 4.818) (layer F.SilkS) (width 0.12))
    (fp_line (start 4.021 -4.818) (end 4.021 -1.181) (layer F.SilkS) (width 0.12))
    (fp_line (start 3.981 1.181) (end 3.981 4.831) (layer F.SilkS) (width 0.12))
    (fp_line (start 3.981 -4.831) (end 3.981 -1.181) (layer F.SilkS) (width 0.12))
    (fp_line (start 3.941 1.181) (end 3.941 4.843) (layer F.SilkS) (width 0.12))
    (fp_line (start 3.941 -4.843) (end 3.941 -1.181) (layer F.SilkS) (width 0.12))
    (fp_line (start 3.901 1.181) (end 3.901 4.854) (layer F.SilkS) (width 0.12))
    (fp_line (start 3.901 -4.854) (end 3.901 -1.181) (layer F.SilkS) (width 0.12))
    (fp_line (start 3.861 1.181) (end 3.861 4.865) (layer F.SilkS) (width 0.12))
    (fp_line (start 3.861 -4.865) (end 3.861 -1.181) (layer F.SilkS) (width 0.12))
    (fp_line (start 3.821 1.181) (end 3.821 4.876) (layer F.SilkS) (width 0.12))
    (fp_line (start 3.821 -4.876) (end 3.821 -1.181) (layer F.SilkS) (width 0.12))
    (fp_line (start 3.781 -4.887) (end 3.781 4.887) (layer F.SilkS) (width 0.12))
    (fp_line (start 3.741 -4.897) (end 3.741 4.897) (layer F.SilkS) (width 0.12))
    (fp_line (start 3.701 -4.907) (end 3.701 4.907) (layer F.SilkS) (width 0.12))
    (fp_line (start 3.661 -4.917) (end 3.661 4.917) (layer F.SilkS) (width 0.12))
    (fp_line (start 3.621 -4.926) (end 3.621 4.926) (layer F.SilkS) (width 0.12))
    (fp_line (start 3.581 -4.935) (end 3.581 4.935) (layer F.SilkS) (width 0.12))
    (fp_line (start 3.541 -4.943) (end 3.541 4.943) (layer F.SilkS) (width 0.12))
    (fp_line (start 3.501 -4.951) (end 3.501 4.951) (layer F.SilkS) (width 0.12))
    (fp_line (start 3.461 -4.959) (end 3.461 4.959) (layer F.SilkS) (width 0.12))
    (fp_line (start 3.421 -4.967) (end 3.421 4.967) (layer F.SilkS) (width 0.12))
    (fp_line (start 3.381 -4.974) (end 3.381 4.974) (layer F.SilkS) (width 0.12))
    (fp_line (start 3.341 -4.981) (end 3.341 4.981) (layer F.SilkS) (width 0.12))
    (fp_line (start 3.301 -4.987) (end 3.301 4.987) (layer F.SilkS) (width 0.12))
    (fp_line (start 3.261 -4.993) (end 3.261 4.993) (layer F.SilkS) (width 0.12))
    (fp_line (start 3.221 -4.999) (end 3.221 4.999) (layer F.SilkS) (width 0.12))
    (fp_line (start 3.18 -5.005) (end 3.18 5.005) (layer F.SilkS) (width 0.12))
    (fp_line (start 3.14 -5.01) (end 3.14 5.01) (layer F.SilkS) (width 0.12))
    (fp_line (start 3.1 -5.015) (end 3.1 5.015) (layer F.SilkS) (width 0.12))
    (fp_line (start 3.06 -5.02) (end 3.06 5.02) (layer F.SilkS) (width 0.12))
    (fp_line (start 3.02 -5.024) (end 3.02 5.024) (layer F.SilkS) (width 0.12))
    (fp_line (start 2.98 -5.028) (end 2.98 5.028) (layer F.SilkS) (width 0.12))
    (fp_line (start 2.94 -5.031) (end 2.94 5.031) (layer F.SilkS) (width 0.12))
    (fp_line (start 2.9 -5.035) (end 2.9 5.035) (layer F.SilkS) (width 0.12))
    (fp_line (start 2.86 -5.038) (end 2.86 5.038) (layer F.SilkS) (width 0.12))
    (fp_line (start 2.82 -5.04) (end 2.82 5.04) (layer F.SilkS) (width 0.12))
    (fp_line (start 2.78 -5.043) (end 2.78 5.043) (layer F.SilkS) (width 0.12))
    (fp_line (start 2.74 -5.045) (end 2.74 5.045) (layer F.SilkS) (width 0.12))
    (fp_line (start 2.7 -5.047) (end 2.7 5.047) (layer F.SilkS) (width 0.12))
    (fp_line (start 2.66 -5.048) (end 2.66 5.048) (layer F.SilkS) (width 0.12))
    (fp_line (start 2.62 -5.049) (end 2.62 5.049) (layer F.SilkS) (width 0.12))
    (fp_line (start 2.58 -5.05) (end 2.58 5.05) (layer F.SilkS) (width 0.12))
    (fp_line (start 2.54 -5.05) (end 2.54 5.05) (layer F.SilkS) (width 0.12))
    (fp_line (start 2.5 -5.05) (end 2.5 5.05) (layer F.SilkS) (width 0.12))
    (fp_line (start -1.95 -0.75) (end -1.95 0.75) (layer F.Fab) (width 0.1))
    (fp_line (start -2.7 0) (end -1.2 0) (layer F.Fab) (width 0.1))
    (fp_circle (center 2.5 0) (end 7.5 0) (layer F.Fab) (width 0.1))
    (fp_arc (start 2.5 0) (end 7.399357 -1.38) (angle 31.5) (layer F.SilkS) (width 0.12))
    (fp_arc (start 2.5 0) (end -2.399357 1.38) (angle -148.5) (layer F.SilkS) (width 0.12))
    (fp_arc (start 2.5 0) (end -2.399357 -1.38) (angle 148.5) (layer F.SilkS) (width 0.12))
    (pad 2 thru_hole circle (at 5 0 90) (size 2 2) (drill 1) (layers *.Cu *.Mask)
      (net 4 GNDA))
    (pad 1 thru_hole rect (at 0 0 90) (size 2 2) (drill 1) (layers *.Cu *.Mask)
      (net 3 +12V))
    (model ${KISYS3DMOD}/Capacitors_THT.3dshapes/CP_Radial_D10.0mm_P5.00mm.wrl
      (at (xyz 0 0 0))
      (scale (xyz 1 1 1))
      (rotate (xyz 0 0 0))
    )
  )

  (module Capacitors_THT:CP_Radial_D10.0mm_P5.00mm (layer F.Cu) (tedit 597BC7C2) (tstamp 5CB436AF)
    (at 99.06 62.865 90)
    (descr "CP, Radial series, Radial, pin pitch=5.00mm, , diameter=10mm, Electrolytic Capacitor")
    (tags "CP Radial series Radial pin pitch 5.00mm  diameter 10mm Electrolytic Capacitor")
    (path /5CB11FD9)
    (fp_text reference C9 (at 2.5 -6.31 90) (layer F.SilkS)
      (effects (font (size 1 1) (thickness 0.15)))
    )
    (fp_text value "100uF 25V" (at 2.5 6.31 90) (layer F.Fab)
      (effects (font (size 1 1) (thickness 0.15)))
    )
    (fp_arc (start 2.5 0) (end -2.399357 -1.38) (angle 148.5) (layer F.SilkS) (width 0.12))
    (fp_arc (start 2.5 0) (end -2.399357 1.38) (angle -148.5) (layer F.SilkS) (width 0.12))
    (fp_arc (start 2.5 0) (end 7.399357 -1.38) (angle 31.5) (layer F.SilkS) (width 0.12))
    (fp_circle (center 2.5 0) (end 7.5 0) (layer F.Fab) (width 0.1))
    (fp_line (start -2.7 0) (end -1.2 0) (layer F.Fab) (width 0.1))
    (fp_line (start -1.95 -0.75) (end -1.95 0.75) (layer F.Fab) (width 0.1))
    (fp_line (start 2.5 -5.05) (end 2.5 5.05) (layer F.SilkS) (width 0.12))
    (fp_line (start 2.54 -5.05) (end 2.54 5.05) (layer F.SilkS) (width 0.12))
    (fp_line (start 2.58 -5.05) (end 2.58 5.05) (layer F.SilkS) (width 0.12))
    (fp_line (start 2.62 -5.049) (end 2.62 5.049) (layer F.SilkS) (width 0.12))
    (fp_line (start 2.66 -5.048) (end 2.66 5.048) (layer F.SilkS) (width 0.12))
